points:
  - x: 1.389185905456543
    y: -0.01564418151974678
    z: -0.001434326171875
  - x: 1.3578938245773315
    y: -1.122876524925232
    z: 0.002471923828125
  - x: 0.18146617710590363
    y: -1.1041053533554077
    z: 0.002471923828125
  - x: 0.11263660341501236
    y: -0.01563946343958378
    z: 0.002471923828125
